%YAML:1.0
---
R: !!opencv-matrix
   rows: 3
   cols: 3
   dt: d
   data: [ 9.9965964775016958e-01, -2.5497615224434948e-02,
       -5.5190830645673672e-03, 2.5430949613906236e-02,
       9.9960658337776842e-01, -1.1829846556891966e-02,
       5.8185446412220175e-03, 1.1685464718671207e-02,
       9.9991479359621782e-01 ]
T: !!opencv-matrix
   rows: 3
   cols: 1
   dt: d
   data: [ -4.7425365975998846e+00, -7.0975985149318480e-02,
       9.2930505902400054e-02 ]
R1: !!opencv-matrix
   rows: 3
   cols: 3
   dt: d
   data: [ 9.9962241682190633e-01, -1.0763382066460027e-02,
       -2.5281878759747103e-02, 1.0618247898906731e-02,
       9.9992640761906193e-01, -5.8678920913001927e-03,
       2.5343176570598026e-02, 5.5972272179345391e-03,
       9.9966314048722538e-01 ]
R2: !!opencv-matrix
   rows: 3
   cols: 3
   dt: d
   data: [ 9.9969616644670767e-01, 1.4961280488475776e-02,
       -1.9589152046525497e-02, -1.4848719456004109e-02,
       9.9987246833965382e-01, 5.8789953975908671e-03,
       1.9674611108574065e-02, -5.5863353384095690e-03,
       9.9979082939143471e-01 ]
P1: !!opencv-matrix
   rows: 3
   cols: 4
   dt: d
   data: [ 3.9844602734825645e+02, 0., 3.1346230888366699e+02, 0., 0.,
       3.9844602734825645e+02, 2.5004278707504272e+02, 0., 0., 0., 1.,
       0. ]
P2: !!opencv-matrix
   rows: 3
   cols: 4
   dt: d
   data: [ 3.9844602734825645e+02, 0., 3.1346230888366699e+02,
       -1.8902191788770103e+03, 0., 3.9844602734825645e+02,
       2.5004278707504272e+02, 0., 0., 0., 1., 0. ]
Q: !!opencv-matrix
   rows: 4
   cols: 4
   dt: d
   data: [ 1., 0., 0., -3.1346230888366699e+02, 0., 1., 0.,
       -2.5004278707504272e+02, 0., 0., 0., 3.9844602734825645e+02, 0.,
       0., 2.1079355865226984e-01, 0. ]
