%YAML:1.0
---
M1: !!opencv-matrix
   rows: 3
   cols: 3
   dt: d
   data: [ 4.4885020150874880e+02, 0., 3.3465409542165474e+02, 0.,
       4.4725612312073980e+02, 2.3390491654909235e+02, 0., 0., 1. ]
D1: !!opencv-matrix
   rows: 1
   cols: 14
   dt: d
   data: [ -1.4532820250165350e-02, -2.9453934743611421e-01, 0., 0., 0.,
       0., 0., -1.4324493512913439e+00, 0., 0., 0., 0., 0., 0. ]
M2: !!opencv-matrix
   rows: 3
   cols: 3
   dt: d
   data: [ 4.4885020150874880e+02, 0., 3.2182779354210618e+02, 0.,
       4.4725612312073980e+02, 2.5060079214326447e+02, 0., 0., 1. ]
D2: !!opencv-matrix
   rows: 1
   cols: 14
   dt: d
   data: [ -3.2630246989859293e-02, 1.3379525414371612e-01, 0., 0., 0.,
       0., 0., 1.7411068878598931e-01, 0., 0., 0., 0., 0., 0. ]
