%YAML:1.0
---
R: !!opencv-matrix
   rows: 3
   cols: 3
   dt: d
   data: [ 9.9997023317478773e-01, 4.7391716506550441e-03,
       6.0887614854073435e-03, -4.8084902439451058e-03,
       9.9992321739122625e-01, 1.1420934443048607e-02,
       -6.0341682056798051e-03, -1.1449872228289573e-02,
       9.9991624111223509e-01 ]
T: !!opencv-matrix
   rows: 3
   cols: 1
   dt: d
   data: [ -3.3425631647504783e+00, 4.6707330571138572e-02,
       2.2128673039100251e-03 ]
R1: !!opencv-matrix
   rows: 3
   cols: 3
   dt: d
   data: [ 9.9994358114548987e-01, -9.2247799505541378e-03,
       5.2666840418636555e-03, 9.1944071478160510e-03,
       9.9994112739199537e-01, 5.7623456357127614e-03,
       -5.3195303489270637e-03, -5.7135964933729038e-03,
       9.9996952824172491e-01 ]
R2: !!opencv-matrix
   rows: 3
   cols: 3
   dt: d
   data: [ 9.9990216576701263e-01, -1.3972140149140718e-02,
       -6.6196230278436213e-04, 1.3968111650935405e-02,
       9.9988594945828868e-01, -5.7428157556737068e-03,
       7.4212623221410088e-04, 5.7330075483450612e-03,
       9.9998329079695436e-01 ]
P1: !!opencv-matrix
   rows: 3
   cols: 4
   dt: d
   data: [ 4.3982083946015695e+02, 0., 3.1934153747558594e+02, 0., 0.,
       4.3982083946015695e+02, 2.3984252166748047e+02, 0., 0., 0., 1.,
       0. ]
P2: !!opencv-matrix
   rows: 3
   cols: 4
   dt: d
   data: [ 4.3982083946015695e+02, 0., 3.1934153747558594e+02,
       -1.4702727800788757e+03, 0., 4.3982083946015695e+02,
       2.3984252166748047e+02, 0., 0., 0., 1., 0. ]
Q: !!opencv-matrix
   rows: 4
   cols: 4
   dt: d
   data: [ 1., 0., 0., -3.1934153747558594e+02, 0., 1., 0.,
       -2.3984252166748047e+02, 0., 0., 0., 4.3982083946015695e+02, 0.,
       0., 2.9914233972049858e-01, 0. ]
