%YAML:1.0
---
M1: !!opencv-matrix
   rows: 3
   cols: 3
   dt: d
   data: [ 5.3392448961951084e+02, 0., 3.2882415435785850e+02, 0.,
       5.2857636949090272e+02, 2.3724236734128323e+02, 0., 0., 1. ]
D1: !!opencv-matrix
   rows: 1
   cols: 14
   dt: d
   data: [ -2.5847769061902259e-01, -1.2969238877538974e-01, 0., 0., 0.,
       0., 0., -4.0469049000857821e-01, 0., 0., 0., 0., 0., 0. ]
M2: !!opencv-matrix
   rows: 3
   cols: 3
   dt: d
   data: [ 5.3392448961951084e+02, 0., 3.1406466834897714e+02, 0.,
       5.2857636949090272e+02, 2.4222537580607866e+02, 0., 0., 1. ]
D2: !!opencv-matrix
   rows: 1
   cols: 14
   dt: d
   data: [ -2.6275799293489871e-01, -1.3243259842577040e-02, 0., 0., 0.,
       0., 0., -1.9692462348904799e-01, 0., 0., 0., 0., 0., 0. ]
